      0.0000000
      0.0004386
      0.0017536
      0.0039427
      0.0070020
      0.0109262
      0.0157084
      0.0213403
      0.0278118
      0.0351118
      0.0432273
      0.0521441
      0.0618467
      0.0723179
      0.0835394
      0.0954915
      0.1081533
      0.1215025
      0.1355157
      0.1501684
      0.1654347
      0.1812880
      0.1977005
      0.2146433
      0.2320866
      0.2500000
      0.2683520
      0.2871104
      0.3062423
      0.3257140
      0.3454915
      0.3655401
      0.3858246
      0.4063094
      0.4269585
      0.4477358
      0.4686048
      0.4895288
      0.5104712
      0.5313953
      0.5522643
      0.5730415
      0.5936907
      0.6141755
      0.6344599
      0.6545085
      0.6742861
      0.6937578
      0.7128897
      0.7316480
      0.7500000
      0.7679134
      0.7853568
      0.8022996
      0.8187120
      0.8345653
      0.8498317
      0.8644843
      0.8784975
      0.8918467
      0.9045085
      0.9164606
      0.9276821
      0.9381533
      0.9478559
      0.9567727
      0.9648882
      0.9721882
      0.9786598
      0.9842916
      0.9890738
      0.9929980
      0.9960574
      0.9982464
      0.9995614
      1.0000000
      0.9995614
      0.9982464
      0.9960574
      0.9929980
      0.9890738
      0.9842916
      0.9786598
      0.9721882
      0.9648882
      0.9567727
      0.9478559
      0.9381533
      0.9276821
      0.9164606
      0.9045085
      0.8918467
      0.8784975
      0.8644843
      0.8498317
      0.8345653
      0.8187120
      0.8022996
      0.7853568
      0.7679134
      0.7500000
      0.7316480
      0.7128897
      0.6937578
      0.6742861
      0.6545085
      0.6344599
      0.6141755
      0.5936907
      0.5730415
      0.5522643
      0.5313953
      0.5104712
      0.4895288
      0.4686048
      0.4477358
      0.4269585
      0.4063094
      0.3858246
      0.3655401
      0.3454915
      0.3257140
      0.3062423
      0.2871104
      0.2683520
      0.2500000
      0.2320866
      0.2146433
      0.1977005
      0.1812880
      0.1654347
      0.1501684
      0.1355157
      0.1215025
      0.1081533
      0.0954915
      0.0835394
      0.0723179
      0.0618467
      0.0521441
      0.0432273
      0.0351118
      0.0278118
      0.0213403
      0.0157084
      0.0109262
      0.0070020
      0.0039427
      0.0017536
      0.0004386
      0.0000000
